1
root
512
0
0
-1
-1
-1
5
-1
-1
-1
-1
-1
-1
-1
3
even100.xsm
166
0
-1
-1
-1
-1
69
-1
-1
-1
-1
-1
-1
-1
3
odd100.xsm
166
0
-1
-1
-1
-1
70
-1
-1
-1
-1
-1
-1
-1
3
linklist.xsm
626
0
-1
-1
-1
-1
71
72
-1
-1
-1
-1
-1
-1
3
rdwr.xsm
990
0
-1
-1
-1
-1
73
74
-1
-1
-1
-1
-1
-1
3
child.xsm
328
0
-1
-1
-1
-1
75
-1
-1
-1
-1
-1
-1
-1
3
parent.xsm
280
0
-1
-1
-1
-1
76
-1
-1
-1
-1
-1
-1
-1
3
mergecon.xsm
1930
0
-1
-1
-1
-1
77
78
79
80
-1
-1
-1
-1
3
mergesq.xsm
1150
0
-1
-1
-1
-1
81
82
83
-1
-1
-1
-1
-1
3
createf.xsm
274
0
-1
-1
-1
-1
84
-1
-1
-1
-1
-1
-1
-1
3
deletef.xsm
182
0
-1
-1
-1
-1
85
-1
-1
-1
-1
-1
-1
-1
2
sample.dat
18
1
1
-1
-1
-1
86
-1
-1
-1
-1
-1
-1
-1
3
readf.xsm
336
0
-1
-1
-1
-1
87
-1
-1
-1
-1
-1
-1
-1
2
num2047.dat
2047
1
1
-1
-1
-1
88
89
90
91
-1
-1
-1
-1
3
readfork.xsm
516
0
-1
-1
-1
-1
92
93
-1
-1
-1
-1
-1
-1
3
wr1100.xsm
702
0
-1
-1
-1
-1
94
95
-1
-1
-1
-1
-1
-1
3
app1100.xsm
608
0
-1
-1
-1
-1
96
97
-1
-1
-1
-1
-1
-1
3
25_3.xsm
1014
0
-1
-1
-1
-1
98
99
-1
-1
-1
-1
-1
-1
3
25_4.xsm
2046
0
-1
-1
-1
-1
100
101
102
103
-1
-1
-1
-1
3
cat.xsm
300
0
-1
-1
-1
-1
104
-1
-1
-1
-1
-1
-1
-1
3
rm.xsm
146
0
-1
-1
-1
-1
105
-1
-1
-1
-1
-1
-1
-1
3
ls.xsm
398
0
-1
-1
-1
-1
106
-1
-1
-1
-1
-1
-1
-1
3
cp.xsm
950
0
-1
-1
-1
-1
107
108
-1
-1
-1
-1
-1
-1
2
sample2.dat
1614
1
1
-1
-1
-1
109
110
111
114
-1
-1
-1
-1
2
copy.dat
18
1
1
-1
-1
-1
112
-1
-1
-1
-1
-1
-1
-1
3
lu.xsm
208
0
-1
-1
-1
-1
113
-1
-1
-1
-1
-1
-1
-1
-1
-1
0
-1
-1
-1
-1
-1
-1
-1
-1
-1
-1
-1
-1
-1
3
ru.xsm
620
0
-1
-1
-1
-1
117
118
-1
-1
-1
-1
-1
-1
-1
-1
0
-1
-1
-1
-1
-1
-1
-1
-1
-1
-1
-1
-1
-1
-1
-1
0
-1
-1
-1
-1
-1
-1
-1
-1
-1
-1
-1
-1
-1
-1
-1
0
-1
-1
-1
-1
-1
-1
-1
-1
-1
-1
-1
-1
-1
-1
-1
0
-1
-1
-1
-1
-1
-1
-1
-1
-1
-1
-1
-1
-1
-1
-1
0
-1
-1
-1
-1
-1
-1
-1
-1
-1
-1
-1
-1
-1
-1
-1
0
-1
-1
-1
-1
-1
-1
-1
-1
-1
-1
-1
-1
-1
-1
-1
0
-1
-1
-1
-1
-1
-1
-1
-1
-1
-1
-1
-1
-1
-1
-1
0
-1
-1
-1
-1
-1
-1
-1
-1
-1
-1
-1
-1
-1
-1
-1
0
-1
-1
-1
-1
-1
-1
-1
-1
-1
-1
-1
-1
-1
-1
-1
0
-1
-1
-1
-1
-1
-1
-1
-1
-1
-1
-1
-1
-1
-1
-1
0
-1
-1
-1
-1
-1
-1
-1
-1
-1
-1
-1
-1
-1
-1
-1
0
-1
-1
-1
-1
-1
-1
-1
-1
-1
-1
-1
-1
-1
-1
-1
0
-1
-1
-1
-1
-1
-1
-1
-1
-1
-1
-1
-1
-1
-1
-1
0
-1
-1
-1
-1
-1
-1
-1
-1
-1
-1
-1
-1
-1
-1
-1
0
-1
-1
-1
-1
-1
-1
-1
-1
-1
-1
-1
-1
-1
-1
-1
0
-1
-1
-1
-1
-1
-1
-1
-1
-1
-1
-1
-1
-1
-1
-1
0
-1
-1
-1
-1
-1
-1
-1
-1
-1
-1
-1
-1
-1
-1
-1
0
-1
-1
-1
-1
-1
-1
-1
-1
-1
-1
-1
-1
-1
-1
-1
0
-1
-1
-1
-1
-1
-1
-1
-1
-1
-1
-1
-1
-1
-1
-1
0
-1
-1
-1
-1
-1
-1
-1
-1
-1
-1
-1
-1
-1
-1
-1
0
-1
-1
-1
-1
-1
-1
-1
-1
-1
-1
-1
-1
-1
-1
-1
0
-1
-1
-1
-1
-1
-1
-1
-1
-1
-1
-1
-1
-1
-1
-1
0
-1
-1
-1
-1
-1
-1
-1
-1
-1
-1
-1
-1
-1
-1
-1
0
-1
-1
-1
-1
-1
-1
-1
-1
-1
-1
-1
-1
-1
-1
-1
0
-1
-1
-1
-1
-1
-1
-1
-1
-1
-1
-1
-1
-1
-1
-1
0
-1
-1
-1
-1
-1
-1
-1
-1
-1
-1
-1
-1
-1
-1
-1
0
-1
-1
-1
-1
-1
-1
-1
-1
-1
-1
-1
-1
-1
-1
-1
0
-1
-1
-1
-1
-1
-1
-1
-1
-1
-1
-1
-1
-1
-1
-1
0
-1
-1
-1
-1
-1
-1
-1
-1
-1
-1
-1
-1
-1
-1
-1
0
-1
-1
-1
-1
-1
-1
-1
-1
-1
-1
-1
-1
-1
-1
-1
0
-1
-1
-1
-1
-1
-1
-1
-1
-1
-1
-1
-1
-1
-1
-1
0
-1
-1
-1
-1
-1
-1
-1
-1
-1
-1
-1
-1
-1
kernel
-1
root
452
-1
-1
-1
-1
-1
-1
-1
-1
-1
-1
-1
-1
-1
-1
-1
-1
-1
-1
-1
-1
-1
-1
-1
-1
-1
-1
-1
-1
-1
-1
-1
-1
-1
-1
-1
-1
-1
-1
-1
-1
-1
-1
-1
-1
-1
-1
-1
-1
-1
-1
-1
-1
-1
-1
-1
-1
-1
-1
-1
-1
