root
512
1
-1
-1
-1
-1
-1
even100.xsm
166
3
-1
-1
-1
-1
-1
odd100.xsm
166
3
-1
-1
-1
-1
-1
linklist.xsm
626
3
-1
-1
-1
-1
-1
rdwr.xsm
990
3
-1
-1
-1
-1
-1
child.xsm
328
3
-1
-1
-1
-1
-1
parent.xsm
280
3
-1
-1
-1
-1
-1
mergecon.xsm
1930
3
-1
-1
-1
-1
-1
mergesq.xsm
1150
3
-1
-1
-1
-1
-1
createf.xsm
274
3
-1
-1
-1
-1
-1
deletef.xsm
182
3
root
0
-1
-1
-1
sample.dat
18
2
root
0
-1
-1
-1
readf.xsm
336
3
root
0
-1
-1
-1
num2047.dat
2047
2
-1
-1
-1
-1
-1
readfork.xsm
516
3
-1
-1
-1
-1
-1
wr1100.xsm
564
3
root
1
-1
-1
-1
sample2.dat
1100
2
root
1
-1
-1
-1
app1100.xsm
608
3
-1
-1
-1
-1
-1
25_3.xsm
1014
3
-1
-1
-1
-1
-1
25_4.xsm
2046
3
-1
-1
-1
-1
-1
cat.xsm
300
3
-1
-1
-1
-1
-1
rm.xsm
146
3
-1
-1
-1
-1
-1
ls.xsm
398
3
-1
-1
-1
-1
-1
cp.xsm
828
3
-1
-1
-1
-1
-1
-1
0
-1
-1
-1
-1
-1
-1
-1
0
-1
-1
-1
-1
-1
-1
-1
0
-1
-1
-1
-1
-1
-1
-1
0
-1
-1
-1
-1
-1
-1
-1
0
-1
-1
-1
-1
-1
-1
-1
0
-1
-1
-1
-1
-1
-1
-1
0
-1
-1
-1
-1
-1
-1
-1
0
-1
-1
-1
-1
-1
-1
-1
2714
-1
-1
-1
-1
-1
-1
-1
0
-1
-1
-1
-1
-1
-1
-1
0
-1
-1
-1
-1
-1
-1
-1
0
-1
-1
-1
-1
-1
-1
-1
0
-1
-1
-1
-1
-1
-1
-1
0
-1
-1
-1
-1
-1
-1
-1
0
-1
-1
-1
-1
-1
-1
-1
0
-1
-1
-1
-1
-1
-1
-1
0
-1
-1
-1
-1
-1
-1
-1
0
-1
-1
-1
-1
-1
-1
-1
0
-1
-1
-1
-1
-1
-1
-1
0
-1
-1
-1
-1
-1
-1
-1
0
-1
-1
-1
-1
-1
-1
-1
0
-1
-1
-1
-1
-1
-1
-1
0
-1
-1
-1
-1
-1
-1
-1
0
-1
-1
-1
-1
-1
-1
-1
0
-1
-1
-1
-1
-1
-1
-1
0
-1
-1
-1
-1
-1
-1
-1
0
-1
-1
-1
-1
-1
-1
-1
0
-1
-1
-1
-1
-1
-1
-1
0
-1
-1
-1
-1
-1
-1
-1
0
-1
-1
-1
-1
-1
-1
-1
0
-1
-1
-1
-1
-1
-1
-1
0
-1
-1
-1
-1
-1
-1
-1
0
-1
-1
-1
-1
-1
-1
-1
0
-1
-1
-1
-1
-1
-1
-1
0
-1
-1
-1
-1
-1
-1
-1
0
-1
-1
-1
-1
-1
-1
-1
0
-1
-1
-1
-1
-1
-1
-1
0
-1
-1
-1
-1
-1
-1
-1
0
-1
-1
-1
-1
-1
-1
-1
0
-1
-1
-1
-1
-1
-1
